   3.1905516e-01   5.3717591e-01   6.9628948e+00
   1.0077878e+00  -1.9681152e+00   7.2062746e+00
  -1.4272670e+00   4.3786073e-01   7.2852090e+00
   2.9389930e+00   2.4420157e+00   3.6178055e+00
   2.8322731e+00  -4.5815463e-01   3.9635698e+00
   9.1211378e-01  -2.9952973e-01   1.1263268e+00
   6.4159650e+00   3.5483996e+00  -2.4816297e+00
  -9.7291457e-01  -1.3874838e+00   5.6031396e-01
  -1.6254482e+00   1.6737170e+00   1.8712911e+00
   4.4697045e+00   2.4617675e-01   1.8799980e+00
   5.2521661e+00   6.5187718e-01   7.9605300e+00
   3.3619953e+00   8.0455670e+00   3.6340848e+00
  -6.9706004e-01   5.8251403e+00   4.7291251e+00
  -7.1770703e-01   1.7373938e+00   4.7108872e+00
   1.6060804e-01   2.1355373e+00   4.5149207e+00
   1.4864566e+00   1.1983648e+00   5.9250608e+00
   1.0782947e+00   1.4218334e+00   4.1001046e+00
   2.9176060e-01   3.7688146e+00   8.2399710e+00
  -5.3294536e-01  -1.7947336e-01   2.4227188e+00
   4.2460153e-01   6.7809196e+00  -1.4137681e+00
   1.1065550e+00   2.6755084e+00   4.8024445e-01
   2.9498083e+00   5.3662511e+00   5.1348468e+00
   1.8072871e+00   3.1596957e+00   3.0028641e-01
   4.0261928e+00  -6.6803517e-01   2.6769430e+00
   1.9506557e+00   6.9024150e-01   2.4103543e+00
   3.0004443e+00   3.7511616e+00   2.8270985e-01
   1.6189122e+00  -1.3596883e+00   5.0896959e+00
   1.4555341e+00   2.6763816e+00   3.0199608e+00
   1.8550885e+00   2.5103238e+00   4.9456966e+00
   2.1319423e+00   3.8886770e+00   1.4645083e+00
   4.4401327e+00   3.0229094e+00   3.6939529e+00
   5.7209163e+00  -2.2609429e+00   2.7825513e+00
   1.0893452e-01   3.0543346e+00   3.5669466e+00
   1.1323839e+00   8.6224460e-01   3.8203798e+00
  -4.4873039e+00   3.6090039e+00  -2.7031224e-01
   2.6575762e+00   4.2057954e+00   2.8285586e+00
   2.0347788e+00   4.0860842e-01   1.6775333e+00
   1.2977179e+00   4.2245480e+00   6.8417769e+00
   5.6260120e-01   3.6975360e+00  -8.6069921e-01
  -2.0980667e+00   3.9698854e+00   9.6104604e-01
   2.1896778e+00   4.4828978e+00   1.1687077e+00
   3.3019264e-01   1.8197703e+00   1.5689131e+00
   3.9684770e+00   7.2068572e+00   2.8199342e+00
   9.7390231e-01   8.3495360e+00  -3.3015183e+00
   4.2880108e+00   1.8434451e+00  -1.4021518e-01
  -1.2886137e+00   2.4982559e+00   7.1512440e+00
   6.2896397e+00   1.6840606e+00   2.1266281e+00
  -1.4036783e+00   4.4693563e+00   4.7214203e+00
   1.5787232e+00   7.7220656e-01   1.0937349e+00
   3.8436912e+00   5.5264688e+00   4.4162597e+00
   4.1863611e+00  -2.0164120e+00  -1.5926349e+00
   1.1575227e-01   4.6036781e+00  -3.0808359e+00
  -2.8475603e+00   5.0594314e+00   3.3830022e+00
  -2.0118835e+00   2.7072867e-01   4.7336903e+00
  -1.1273374e+00  -2.1702879e+00   4.4507026e-02
   2.1342730e+00   8.0216731e-01   5.0204943e-01
   2.9402037e+00  -1.7346084e+00  -4.5174522e-01
   1.5800768e+00  -1.6928037e+00   5.8650232e+00
   9.1028340e+00   3.7024989e+00   4.4056578e+00
   1.7682647e+00   3.8452018e+00   3.8159366e+00
   1.7755712e+00   4.4313823e+00   1.1994954e-01
  -1.5975966e+00   1.8107747e-01   1.1203157e+00
  -1.7206252e+00   4.0146168e+00   3.4986672e+00
  -2.8359553e+00   3.0855794e-01   2.5479983e+00
   3.4327400e-01  -1.4709853e+00   3.9809133e+00
   2.8816732e+00  -1.1770446e+00   2.9820178e+00
  -9.9604327e-01   3.7632868e+00   3.4038777e-01
   4.0246249e+00   4.0723116e+00   3.5475206e+00
  -1.2864480e+00   8.0732413e+00   2.9255302e+00
  -2.9619773e+00   3.5341112e+00   8.0728969e-01
  -3.2352222e-01   6.4025417e-01   8.7649660e+00
  -1.4943799e+00   1.9509570e+00  -1.8137136e+00
   2.6388151e+00   1.9111652e+00   1.7429954e+00
   3.7793394e+00  -3.7242235e+00   2.0955503e+00
  -9.2562525e-01   4.1175708e+00   2.7882634e+00
   9.8297996e-01   1.0946039e+00   3.8085276e+00
   5.7255859e+00   2.8615680e+00   2.6622461e+00
   6.6613486e+00  -1.8227480e+00   8.7046305e-01
   5.4178017e+00  -1.0939318e+00   1.3465408e+00
  -9.9187979e-01   8.6984467e-01   2.0625764e+00
  -2.4459306e+00  -1.5985324e+00   2.0925407e+00
   3.6416258e+00   7.2197376e+00   8.1603816e+00
   7.5169775e-02   3.3311294e+00   1.5520876e+00
  -6.6439359e-01   2.9379597e+00   1.0239835e+00
   2.8231386e+00   7.6232852e+00   5.8904603e+00
   3.5104880e+00   5.0800778e+00   2.8490774e+00
   3.3044703e+00  -1.1343727e+00   5.5943167e+00
   1.9007155e+00   3.8301181e+00   3.8926132e+00
   2.7835490e+00   3.0657538e+00   2.3983963e+00
   4.4454549e-01   5.6300763e+00   4.3678861e+00
  -1.7892027e+00  -3.9809386e-01   1.6336805e+00
   3.3028537e+00   1.3453862e+00   3.0248967e+00
  -2.0805583e+00   2.5665646e-01   4.0527977e+00
   9.2640183e+00   3.8948176e+00   1.2617739e+01
   2.2553844e+00   2.5202006e+00   6.6261688e+00
   5.5445161e-01   7.0642591e+00   9.6385507e-01
  -1.5116770e+00   6.6896551e+00   2.2363549e+00
  -9.1882027e-01   1.4024338e+00   1.7494870e+00
   4.9418239e+00   5.1707264e+00   2.0572452e+00
   3.4710248e-01   3.7183275e-02   6.6757401e+00
