   1.6004497e+00
  -1.5840204e+00
   5.6259431e+00
  -5.7911664e-01
   3.1420905e-01
   1.0827336e+00
  -2.0609506e+00
   2.8798165e+00
   1.0804984e+00
  -2.9328923e+00
  -5.5940976e+00
  -9.8282437e-01
  -5.6470445e+00
  -2.8558127e+00
   5.0314574e+00
   9.4834416e-02
  -1.1267374e+00
   1.1755710e-01
  -5.1154636e+00
   3.4145505e+00
  -3.4935072e+00
  -3.0460285e+00
  -9.7163903e-01
  -4.8948156e-01
   5.3436592e+00
  -1.5511172e+00
  -1.9076414e+00
   7.6313791e-01
   8.8317364e-01
  -5.0573449e+00
   1.8325739e+00
   4.7622821e-01
   1.1428701e+00
   5.0484509e+00
   1.8574301e+00
  -5.4190679e+00
  -9.6105506e-01
   4.2444061e+00
   2.7022590e+00
   2.6679854e+00
   2.8744351e+00
   3.5404932e+00
  -4.7113275e+00
   7.6440492e-01
   1.4888840e+00
   4.1039487e+00
   5.4352091e+00
  -1.7212460e+00
  -4.7577704e+00
   1.3733975e+00
  -1.5338669e+00
  -1.5685883e+00
  -1.7360163e+00
  -2.7709341e+00
   9.0923365e-01
  -1.0211015e+00
   1.8443626e+00
   3.6319847e+00
   2.4926813e+00
   2.7583064e+00
   6.4829536e+00
   1.6307861e+00
  -4.1489064e+00
   1.3880433e+00
  -9.5545160e-01
  -2.4624292e+00
   2.8947900e+00
  -2.1538309e+00
  -3.2062844e+00
  -1.5942102e+00
  -6.4113045e-01
   5.7685227e+00
  -4.4963789e+00
  -2.3939768e+00
   3.5106713e+00
   2.9957583e+00
  -3.3340799e-01
  -3.8782601e-01
   1.8264653e+00
  -8.0303388e-02
  -5.0149446e-01
   2.7098540e-01
  -4.2571110e+00
   5.2695397e+00
  -3.9102885e-01
   1.0386856e+00
  -9.4434921e-01
   6.8244718e-02
  -4.9949584e+00
   1.4315183e+00
   5.1198898e-01
  -2.6637467e+00
   1.2410619e+00
  -2.3548805e+00
  -2.0285768e+00
  -1.5469877e+00
   2.0653125e+00
   3.5402319e+00
   1.4054807e-01
  -1.0424481e+00
